Time:21.53753 Eyes position:(1.9, 1.8, -1.2) Camera rig position:(0.0, 0.0, 0.0) Eyes rotation:(299.7, 97.7, 8.3)
Time:21.73893 Eyes position:(1.9, 1.8, -1.2) Camera rig position:(0.0, 0.0, 0.0) Eyes rotation:(296.8, 96.4, 7.2)
Time:21.93963 Eyes position:(2.0, 1.8, -1.2) Camera rig position:(0.0, 0.0, 0.0) Eyes rotation:(296.2, 97.7, 4.9)
